0.00002336
0.00003799
0.00008774
0.00022408
0.00039204
0.00088828
0.00141428
0.00328856
0.00345449
0.00577538
0.01069262
0.01546165
0.02225517
0.02901583
0.03376136
0.04762063
0.06612598
0.07754017
0.08593168
0.11493320
0.13544997
0.17421727
0.19757051
0.22887725
0.29949436
0.31093678
0.44277493
0.41295728
0.43384601
0.61755984
0.67878311
0.76215260
0.85633720
0.97906242
1.23528513
1.03662392
1.35830199
1.46770528
1.67333265
1.86379162
1.70405375
2.36972743
2.80485573
2.86142868
3.34756366
3.48582314
3.48285575
3.82675571
3.95774116
3.78624069
4.67704072
4.51910317
4.89806662
5.88500053
6.04009865
6.67112862
6.94392151
7.52991600
