0.01658143
0.01471202
0.01265143
0.01189724
0.01365108
0.01401654
0.01800736
0.01945653
0.02368591
0.03174118
0.03879307
0.04981068
0.06576216
0.09048758
0.11536429
0.14968961
0.18057886
0.21965518
0.28171137
0.36334454
0.41321349
0.51726897
0.58557561
0.71593091
0.91602368
1.00705591
1.15822131
1.33478860
1.62148622
1.75638963
2.02094868
2.34039479
2.60419294
3.05946724
3.51164961
3.84678524
4.19424402
4.92171495
5.71843798
5.83294807
6.65669634
7.81583733
8.14192702
8.79518187
9.41455135
10.51727017
11.15480714
13.06251292
13.52968074
15.72134646
16.42463840
16.78618195
19.64945615
21.04799963
21.52832191
23.20718295
25.49384882
26.87938949
