0.00001861
0.00001796
0.00002438
0.00002430
0.00002803
0.00002821
0.00003429
0.00005137
0.00004656
0.00005259
0.00007920
0.00009332
0.00010766
0.00012091
0.00013254
0.00014033
0.00019593
0.00021068
0.00034755
0.00028644
0.00039387
0.00041562
0.00038980
0.00040487
0.00048602
0.00049902
0.00048964
0.00067322
0.00053841
0.00062924
0.00064706
0.00068590
0.00075732
0.00080753
0.00095125
0.00090210
0.00129109
0.00121429
0.00132906
0.00141089
0.00135136
0.00146090
0.00652382
0.00403725
0.00348182
0.00339842
0.00485654
0.00730551
0.00583756
0.00418459
0.00619761
0.00345735
0.00691226
0.00763367
0.00745650
0.00439830
0.00727742
0.00483212
